    unsorted:	 1844.605852 100.3729340
      sorted:	 100.3729340 1844.605852
